# this file includes 500 random numbers from 0 to 100
97
94
97
18
26
7
45
87
88
93
32
48
34
14
41
57
76
76
24
48
24
24
75
16
37
50
85
34
55
8
17
72
48
90
29
16
37
14
74
51
94
92
36
54
63
73
24
77
8
5
65
74
99
59
97
99
81
78
29
1
31
42
9
24
28
68
37
88
83
60
92
93
58
84
72
1
18
15
64
46
33
53
16
12
48
37
28
11
9
34
12
17
60
52
62
1
44
73
17
72
3
31
54
10
13
75
4
13
2
9
91
65
80
93
7
41
13
10
60
51
72
25
93
93
53
42
9
33
74
80
65
12
72
46
71
47
89
7
49
19
3
81
96
57
6
54
70
58
8
6
80
65
83
43
57
79
53
87
37
43
23
16
73
69
6
33
2
44
33
42
70
64
69
68
100
28
94
86
74
53
8
21
86
19
97
52
57
83
68
75
94
31
80
35
95
2
56
77
84
3
29
75
33
38
29
18
97
22
100
85
6
82
65
55
7
82
96
82
13
70
72
83
22
3
59
23
84
33
46
22
76
97
52
32
58
64
19
79
62
17
97
88
23
50
46
94
38
12
40
81
23
56
41
41
17
12
9
28
27
22
16
74
31
81
83
37
99
49
69
97
1
37
82
83
51
0
90
51
18
51
81
83
77
26
30
29
19
94
90
100
70
61
34
78
10
68
57
88
68
55
12
75
16
54
0
19
39
41
44
77
25
71
67
62
29
68
4
100
92
62
66
35
100
92
5
9
81
30
38
12
75
81
17
15
6
45
12
84
47
100
31
100
88
82
89
72
98
83
24
20
80
39
85
3
34
25
63
3
100
73
15
47
8
37
58
53
85
43
77
79
85
75
85
30
7
24
89
81
87
50
5
21
47
8
72
75
3
100
27
43
80
34
14
89
2
91
86
42
2
19
21
13
68
98
44
32
32
91
29
51
72
4
75
38
3
29
55
26
43
88
12
73
7
68
70
89
14
28
56
99
41
87
81
26
48
64
4
47
89
34
30
91
15
68
54
61
100
79
11
30
57
34
48
25
29
30
37
34
48
91
27
55
42
47
27
5
28
55
80
81
50
88
65
83
23
27
74
67
80
47
84
25
62
8
32
38
75
84
26
92
27
26
59
78
56
85
44
94
52
57
