# this file includes 500 random numbers from 0 to 100
24
0
26
54
84
62
35
54
70
39
28
64
8
28
59
87
58
33
52
17
75
27
22
32
56
3
6
7
72
90
91
80
40
45
65
19
58
46
100
99
23
80
11
47
50
49
57
51
15
26
76
57
36
1
48
5
21
89
10
32
54
11
74
51
48
7
70
76
11
79
70
63
49
73
90
55
28
45
18
36
20
82
79
97
1
39
11
56
74
60
25
65
62
66
11
57
94
96
76
70
17
53
10
59
1
26
44
85
5
81
90
84
63
40
57
7
10
12
93
83
4
60
36
50
92
84
87
0
9
98
45
7
11
76
26
75
30
13
82
72
23
6
98
53
9
31
60
56
82
89
19
16
25
84
69
15
52
42
60
39
96
94
58
12
54
40
43
45
16
88
72
31
66
18
7
82
65
1
16
33
33
9
96
30
60
13
2
44
49
95
53
9
43
31
3
33
14
84
32
40
19
98
30
76
17
12
45
12
86
58
96
78
68
7
17
34
67
79
65
22
6
32
7
80
21
64
26
52
64
44
25
98
95
74
70
3
100
4
96
17
64
50
80
65
90
41
31
16
61
93
61
79
80
85
22
47
87
80
50
44
97
60
5
46
81
13
48
33
72
47
28
19
92
2
0
34
46
60
71
52
20
9
32
25
31
41
79
77
71
63
11
26
54
82
40
96
4
90
81
59
1
53
56
86
90
8
74
40
73
96
72
29
6
73
99
82
30
63
91
84
0
49
98
13
4
60
80
11
29
13
16
44
53
32
8
46
59
14
92
62
8
15
24
97
3
29
3
18
22
50
19
0
1
47
94
31
18
94
14
49
45
4
78
31
65
21
0
20
60
75
90
24
96
4
72
21
34
75
1
34
86
0
93
17
9
36
3
95
59
98
21
63
4
57
41
25
34
20
30
3
6
30
43
49
24
28
19
9
88
91
48
0
84
0
57
100
64
6
56
33
17
29
7
100
88
5
52
38
85
39
43
50
55
29
68
93
41
86
76
25
71
16
24
40
6
34
84
79
42
97
96
8
57
95
43
68
40
8
99
61
46
81
13
37
74
66
12
18
70
61
80
61
98
7
75
23
1
3
93
11
93
35
99
72
11
69
12
96
97
36
60
3
72
0
75
36
65
91
55
39
